7.250000000000000000e+02 3.700000000000000000e+02
7.000000000000000000e+02 5.000000000000000000e+02
5.200000000000000000e+02 5.850000000000000000e+02
4.150000000000000000e+02 6.350000000000000000e+02
3.000000000000000000e+02 4.650000000000000000e+02
4.800000000000000000e+02 4.150000000000000000e+02
4.200000000000000000e+02 5.550000000000000000e+02
5.750000000000000000e+02 6.650000000000000000e+02
5.550000000000000000e+02 8.150000000000000000e+02
3.450000000000000000e+02 7.500000000000000000e+02
5.100000000000000000e+02 8.750000000000000000e+02
5.800000000000000000e+02 1.175000000000000000e+03
6.500000000000000000e+02 1.130000000000000000e+03
4.750000000000000000e+02 9.600000000000000000e+02
5.250000000000000000e+02 1.000000000000000000e+03
7.600000000000000000e+02 6.500000000000000000e+02
8.450000000000000000e+02 6.800000000000000000e+02
8.800000000000000000e+02 6.600000000000000000e+02
8.750000000000000000e+02 9.200000000000000000e+02
1.150000000000000000e+03 1.160000000000000000e+03
7.950000000000000000e+02 6.450000000000000000e+02
7.700000000000000000e+02 6.100000000000000000e+02
6.850000000000000000e+02 5.950000000000000000e+02
6.050000000000000000e+02 6.250000000000000000e+02
4.100000000000000000e+02 2.500000000000000000e+02
6.600000000000000000e+02 1.800000000000000000e+02
5.950000000000000000e+02 3.600000000000000000e+02
2.500000000000000000e+01 1.850000000000000000e+02
9.500000000000000000e+01 2.600000000000000000e+02
2.500000000000000000e+01 2.300000000000000000e+02
1.450000000000000000e+02 6.650000000000000000e+02
5.650000000000000000e+02 5.750000000000000000e+02
7.200000000000000000e+02 6.350000000000000000e+02
8.450000000000000000e+02 6.550000000000000000e+02
9.450000000000000000e+02 6.850000000000000000e+02
9.750000000000000000e+02 5.800000000000000000e+02
1.340000000000000000e+03 7.250000000000000000e+02
1.605000000000000000e+03 6.200000000000000000e+02
1.220000000000000000e+03 5.800000000000000000e+02
1.320000000000000000e+03 3.150000000000000000e+02
1.465000000000000000e+03 2.000000000000000000e+02
1.740000000000000000e+03 2.450000000000000000e+02
1.530000000000000000e+03 5.000000000000000000e+00
1.215000000000000000e+03 2.450000000000000000e+02
1.170000000000000000e+03 6.500000000000000000e+01
1.250000000000000000e+03 4.000000000000000000e+02
8.350000000000000000e+02 6.250000000000000000e+02
6.850000000000000000e+02 6.100000000000000000e+02
8.300000000000000000e+02 4.850000000000000000e+02
8.300000000000000000e+02 6.100000000000000000e+02
7.000000000000000000e+02 5.800000000000000000e+02
5.600000000000000000e+02 3.650000000000000000e+02
7.250000000000000000e+02 3.700000000000000000e+02
