3.808800000000000182e+03 2.533099999999999909e+03
1.014799999999999955e+03 1.726700000000000045e+03
3.967500000000000000e+03 1.714000000000000000e+03
1.218000000000000000e+03 3.041099999999999909e+03
3.656400000000000091e+03 1.015500000000000000e+03
1.579900000000000091e+03 2.863300000000000182e+03
3.631000000000000000e+03 1.079000000000000000e+03
1.154500000000000000e+03 2.450599999999999909e+03
3.618300000000000182e+03 1.091700000000000045e+03
1.395799999999999955e+03 3.091900000000000091e+03
3.815099999999999909e+03 1.460000000000000000e+03
1.002100000000000023e+03 1.694900000000000091e+03
3.827800000000000182e+03 2.380699999999999818e+03
1.433900000000000091e+03 1.059900000000000091e+03
3.402400000000000091e+03 2.990300000000000182e+03
1.345000000000000000e+03 1.034500000000000000e+03
3.808800000000000182e+03 2.101300000000000182e+03
1.224299999999999955e+03 1.275799999999999955e+03
3.885000000000000000e+03 1.847299999999999955e+03
1.281500000000000000e+03 2.850599999999999909e+03
3.554800000000000182e+03 1.180599999999999909e+03
1.116400000000000091e+03 2.310900000000000091e+03
3.599199999999999818e+03 1.123400000000000091e+03
1.110000000000000000e+03 2.837900000000000091e+03
3.777000000000000000e+03 2.279099999999999909e+03
1.014799999999999955e+03 1.821900000000000091e+03
3.618300000000000182e+03 1.136099999999999909e+03
1.446599999999999909e+03 2.914099999999999909e+03
3.548400000000000091e+03 1.244099999999999909e+03
1.173500000000000000e+03 2.920500000000000000e+03
3.643699999999999818e+03 1.333000000000000000e+03
1.268799999999999955e+03 2.774400000000000091e+03
3.592900000000000091e+03 1.498099999999999909e+03
1.357700000000000045e+03 2.876000000000000000e+03
3.586500000000000000e+03 1.110700000000000045e+03
0.000000000000000000e+00 0.000000000000000000e+00
2.811800000000000182e+03 2.647400000000000091e+03
1.510099999999999909e+03 1.415500000000000000e+03
3.002300000000000182e+03 2.380699999999999818e+03
1.408500000000000000e+03 1.618700000000000045e+03
2.938800000000000182e+03 2.444199999999999818e+03
1.910099999999999909e+03 1.123400000000000091e+03
2.380000000000000000e+03 2.837900000000000091e+03
1.599000000000000000e+03 1.352000000000000000e+03
2.849900000000000091e+03 2.444199999999999818e+03
1.611700000000000045e+03 1.333000000000000000e+03
2.761000000000000000e+03 2.628400000000000091e+03
1.675200000000000045e+03 1.364700000000000045e+03
2.875300000000000182e+03 2.469599999999999909e+03
1.306900000000000091e+03 1.910799999999999955e+03
3.027699999999999818e+03 2.158500000000000000e+03
1.325900000000000091e+03 1.910799999999999955e+03
2.970599999999999909e+03 1.764799999999999955e+03
1.376700000000000045e+03 1.923500000000000000e+03
2.970599999999999909e+03 2.342599999999999909e+03
1.795799999999999955e+03 1.225000000000000000e+03
2.627699999999999818e+03 2.685500000000000000e+03
1.586299999999999955e+03 1.371099999999999909e+03
2.462599999999999909e+03 2.736300000000000182e+03
1.967299999999999955e+03 1.155200000000000045e+03
2.348300000000000182e+03 2.812500000000000000e+03
2.132400000000000091e+03 1.148799999999999955e+03
2.176800000000000182e+03 2.812500000000000000e+03
1.878400000000000091e+03 1.206000000000000000e+03
2.335599999999999909e+03 2.787099999999999909e+03
1.980000000000000000e+03 1.180599999999999909e+03
2.576900000000000091e+03 2.717300000000000182e+03
1.618000000000000000e+03 1.440900000000000091e+03
2.811800000000000182e+03 2.456900000000000091e+03
1.618000000000000000e+03 1.383799999999999955e+03
2.322900000000000091e+03 2.799800000000000182e+03
1.878400000000000091e+03 1.237700000000000045e+03
2.380000000000000000e+03 2.749000000000000000e+03
2.202199999999999818e+03 1.174200000000000045e+03
2.322900000000000091e+03 2.761699999999999818e+03
1.853000000000000000e+03 1.263099999999999909e+03
2.107000000000000000e+03 2.787099999999999909e+03
2.557800000000000182e+03 1.212299999999999955e+03
1.980000000000000000e+03 2.749000000000000000e+03
2.843599999999999909e+03 1.409200000000000045e+03
1.675200000000000045e+03 2.583900000000000091e+03
2.672099999999999909e+03 1.313900000000000091e+03
1.922799999999999955e+03 2.685500000000000000e+03
2.494300000000000182e+03 1.237700000000000045e+03
2.107000000000000000e+03 2.698199999999999818e+03
1.891099999999999909e+03 1.275799999999999955e+03
2.608599999999999909e+03 2.660099999999999909e+03
1.535500000000000000e+03 1.479000000000000000e+03
2.589599999999999909e+03 2.634699999999999818e+03
1.516400000000000091e+03 1.542500000000000000e+03
2.881699999999999818e+03 2.323599999999999909e+03
1.472000000000000000e+03 1.644099999999999909e+03
2.996000000000000000e+03 1.999700000000000045e+03
1.421200000000000045e+03 1.847299999999999955e+03
2.976900000000000091e+03 1.948900000000000091e+03
1.503700000000000045e+03 1.669500000000000000e+03
2.951500000000000000e+03 2.101300000000000182e+03
1.503700000000000045e+03 1.821900000000000091e+03
2.900699999999999818e+03 1.542500000000000000e+03
1.599000000000000000e+03 2.431500000000000000e+03
2.869000000000000000e+03 1.669500000000000000e+03
1.586299999999999955e+03 2.393400000000000091e+03
2.869000000000000000e+03 1.764799999999999955e+03
1.599000000000000000e+03 2.355300000000000182e+03
2.919800000000000182e+03 1.891799999999999955e+03
1.516400000000000091e+03 2.025099999999999909e+03
2.938800000000000182e+03 1.910799999999999955e+03
1.573599999999999909e+03 1.618700000000000045e+03
2.811800000000000182e+03 2.380699999999999818e+03
1.878400000000000091e+03 1.301200000000000045e+03
2.437199999999999818e+03 2.704599999999999909e+03
1.865700000000000045e+03 1.320299999999999955e+03
2.481599999999999909e+03 2.685500000000000000e+03
1.954599999999999909e+03 1.301200000000000045e+03
2.608599999999999909e+03 2.583900000000000091e+03
1.891099999999999909e+03 1.377400000000000091e+03
2.672099999999999909e+03 2.533099999999999909e+03
2.145099999999999909e+03 1.263099999999999909e+03
2.202199999999999818e+03 2.698199999999999818e+03
2.570500000000000000e+03 1.364700000000000045e+03
2.176800000000000182e+03 2.685500000000000000e+03
2.615000000000000000e+03 1.390099999999999909e+03
1.694200000000000045e+03 2.444199999999999818e+03
2.640400000000000091e+03 1.434599999999999909e+03
1.903799999999999955e+03 2.583900000000000091e+03
2.538800000000000182e+03 1.364700000000000045e+03
1.922799999999999955e+03 2.564900000000000091e+03
2.405400000000000091e+03 1.339299999999999955e+03
2.380000000000000000e+03 2.634699999999999818e+03
2.030799999999999955e+03 1.333000000000000000e+03
2.538800000000000182e+03 2.609300000000000182e+03
2.094300000000000182e+03 1.339299999999999955e+03
2.437199999999999818e+03 2.583900000000000091e+03
1.992700000000000045e+03 1.390099999999999909e+03
2.564199999999999818e+03 2.533099999999999909e+03
1.599000000000000000e+03 1.669500000000000000e+03
2.786400000000000091e+03 2.361699999999999818e+03
1.649799999999999955e+03 1.644099999999999909e+03
2.729300000000000182e+03 2.393400000000000091e+03
1.713299999999999955e+03 1.561599999999999909e+03
2.824500000000000000e+03 2.228300000000000182e+03
1.706900000000000091e+03 1.593299999999999955e+03
2.545099999999999909e+03 2.533099999999999909e+03
1.738700000000000045e+03 1.542500000000000000e+03
2.849900000000000091e+03 2.101300000000000182e+03
1.573599999999999909e+03 2.222000000000000000e+03
2.818199999999999818e+03 1.669500000000000000e+03
1.586299999999999955e+03 2.247400000000000091e+03
2.691199999999999818e+03 1.504400000000000091e+03
1.643400000000000091e+03 2.279099999999999909e+03
2.729300000000000182e+03 1.567900000000000091e+03
1.579900000000000091e+03 2.164800000000000182e+03
2.843599999999999909e+03 1.910799999999999955e+03
1.624400000000000091e+03 1.860000000000000000e+03
2.824500000000000000e+03 2.114000000000000000e+03
1.624400000000000091e+03 1.879099999999999909e+03
2.805500000000000000e+03 2.152099999999999909e+03
1.687900000000000091e+03 1.771099999999999909e+03
2.805500000000000000e+03 2.037799999999999955e+03
1.694200000000000045e+03 1.733000000000000000e+03
2.640400000000000091e+03 2.380699999999999818e+03
1.878400000000000091e+03 1.466299999999999955e+03
2.462599999999999909e+03 2.533099999999999909e+03
1.973599999999999909e+03 1.415500000000000000e+03
2.208599999999999909e+03 2.609300000000000182e+03
2.310199999999999818e+03 1.320299999999999955e+03
2.132400000000000091e+03 2.583900000000000091e+03
2.519699999999999818e+03 1.396500000000000000e+03
1.980000000000000000e+03 2.533099999999999909e+03
2.564199999999999818e+03 1.415500000000000000e+03
2.107000000000000000e+03 2.533099999999999909e+03
2.411800000000000182e+03 1.371099999999999909e+03
2.189500000000000000e+03 2.558500000000000000e+03
2.189500000000000000e+03 1.364700000000000045e+03
2.183199999999999818e+03 2.533099999999999909e+03
2.583199999999999818e+03 1.428200000000000045e+03
1.980000000000000000e+03 2.456900000000000091e+03
2.653099999999999909e+03 1.479000000000000000e+03
1.808500000000000000e+03 2.304500000000000000e+03
2.703900000000000091e+03 1.580599999999999909e+03
1.662500000000000000e+03 2.114000000000000000e+03
2.818199999999999818e+03 1.821900000000000091e+03
1.745000000000000000e+03 2.228300000000000182e+03
2.691199999999999818e+03 1.599700000000000045e+03
1.738700000000000045e+03 2.202900000000000091e+03
2.716599999999999909e+03 1.644099999999999909e+03
1.846599999999999909e+03 2.260099999999999909e+03
2.583199999999999818e+03 1.491700000000000045e+03
2.176800000000000182e+03 2.507699999999999818e+03
2.335599999999999909e+03 1.390099999999999909e+03
2.151400000000000091e+03 2.495000000000000000e+03
2.513400000000000091e+03 1.440900000000000091e+03
1.910099999999999909e+03 2.329900000000000091e+03
2.640400000000000091e+03 1.555200000000000045e+03
1.840299999999999955e+03 2.241000000000000000e+03
2.742000000000000000e+03 1.694900000000000091e+03
1.681500000000000000e+03 1.860000000000000000e+03
2.786400000000000091e+03 1.923500000000000000e+03
1.694200000000000045e+03 1.834599999999999909e+03
2.761000000000000000e+03 2.025099999999999909e+03
1.738700000000000045e+03 1.669500000000000000e+03
2.608599999999999909e+03 2.329900000000000091e+03
1.859299999999999955e+03 1.555200000000000045e+03
2.519699999999999818e+03 2.393400000000000091e+03
2.132400000000000091e+03 1.390099999999999909e+03
2.500699999999999818e+03 2.380699999999999818e+03
1.846599999999999909e+03 1.618700000000000045e+03
2.488000000000000000e+03 2.355300000000000182e+03
1.980000000000000000e+03 1.472700000000000045e+03
2.348300000000000182e+03 2.406099999999999909e+03
2.234000000000000000e+03 1.428200000000000045e+03
1.980000000000000000e+03 2.361699999999999818e+03
2.488000000000000000e+03 1.415500000000000000e+03
2.005400000000000091e+03 2.336300000000000182e+03
3.967500000000000000e+03 9.710000000000000000e+02
1.116400000000000091e+03 3.053800000000000182e+03
3.948500000000000000e+03 9.963999999999999773e+02
9.640000000000000000e+02 1.504400000000000091e+03
3.859599999999999909e+03 9.837000000000000455e+02
9.830000000000000000e+02 2.876000000000000000e+03
3.834199999999999818e+03 9.837000000000000455e+02
8.877999999999999545e+02 1.040900000000000091e+03
3.732599999999999909e+03 2.971300000000000182e+03
8.751000000000000227e+02 9.837000000000000455e+02
3.777000000000000000e+03 2.895099999999999909e+03
8.751000000000000227e+02 1.136099999999999909e+03
3.808800000000000182e+03 2.558500000000000000e+03
8.877999999999999545e+02 1.275799999999999955e+03
3.611900000000000091e+03 1.898099999999999909e+03
1.014799999999999955e+03 1.059900000000000091e+03
4.005599999999999909e+03 1.390099999999999909e+03
1.205299999999999955e+03 1.612400000000000091e+03
3.967500000000000000e+03 1.542500000000000000e+03
1.014799999999999955e+03 1.148799999999999955e+03
3.777000000000000000e+03 2.780800000000000182e+03
1.091000000000000000e+03 1.415500000000000000e+03
3.916699999999999818e+03 2.437900000000000091e+03
1.014799999999999955e+03 1.517099999999999909e+03
3.929400000000000091e+03 1.301200000000000045e+03
1.764099999999999909e+03 3.028400000000000091e+03
3.859599999999999909e+03 1.428200000000000045e+03
1.027500000000000000e+03 2.768099999999999909e+03
3.523000000000000000e+03 1.510799999999999955e+03
1.110000000000000000e+03 2.939500000000000000e+03
2.970599999999999909e+03 1.002799999999999955e+03
1.179900000000000091e+03 2.990300000000000182e+03
3.942099999999999909e+03 2.037799999999999955e+03
9.893999999999999773e+02 2.202900000000000091e+03
3.808800000000000182e+03 2.583900000000000091e+03
1.122700000000000045e+03 1.834599999999999909e+03
3.808800000000000182e+03 2.482300000000000182e+03
8.877999999999999545e+02 1.498099999999999909e+03
3.529400000000000091e+03 1.167900000000000091e+03
9.005000000000000000e+02 2.329900000000000091e+03
3.237300000000000182e+03 1.098000000000000000e+03
9.132000000000000455e+02 2.228300000000000182e+03
3.885000000000000000e+03 1.796500000000000000e+03
1.167200000000000045e+03 2.228300000000000182e+03
3.783400000000000091e+03 1.485400000000000091e+03
1.052900000000000091e+03 1.136099999999999909e+03
3.453199999999999818e+03 3.041099999999999909e+03
1.402099999999999909e+03 1.364700000000000045e+03
3.808800000000000182e+03 2.152099999999999909e+03
8.751000000000000227e+02 1.739400000000000091e+03
3.707199999999999818e+03 1.923500000000000000e+03
1.116400000000000091e+03 1.059900000000000091e+03
3.504000000000000000e+03 2.876000000000000000e+03
1.167200000000000045e+03 1.015500000000000000e+03
3.802400000000000091e+03 1.682200000000000045e+03
1.224299999999999955e+03 1.250400000000000091e+03
3.631000000000000000e+03 2.647400000000000091e+03
9.512999999999999545e+02 1.669500000000000000e+03
3.491300000000000182e+03 1.694900000000000091e+03
1.141799999999999955e+03 2.685500000000000000e+03
3.631000000000000000e+03 1.148799999999999955e+03
1.446599999999999909e+03 2.837900000000000091e+03
3.656400000000000091e+03 1.320299999999999955e+03
1.306900000000000091e+03 2.323599999999999909e+03
3.777000000000000000e+03 1.872700000000000045e+03
1.116400000000000091e+03 1.745700000000000045e+03
3.554800000000000182e+03 2.736300000000000182e+03
1.167200000000000045e+03 1.720299999999999955e+03
3.719900000000000091e+03 2.310900000000000091e+03
1.167200000000000045e+03 2.406099999999999909e+03
3.707199999999999818e+03 2.228300000000000182e+03
1.148099999999999909e+03 2.196599999999999909e+03
3.631000000000000000e+03 2.450599999999999909e+03
1.370400000000000091e+03 1.053599999999999909e+03
3.580199999999999818e+03 2.533099999999999909e+03
1.116400000000000091e+03 1.212299999999999955e+03
3.377000000000000000e+03 2.780800000000000182e+03
9.893999999999999773e+02 1.841000000000000000e+03
3.580199999999999818e+03 2.228300000000000182e+03
1.014799999999999955e+03 2.209300000000000182e+03
3.491300000000000182e+03 2.456900000000000091e+03
1.002100000000000023e+03 2.095000000000000000e+03
3.440500000000000000e+03 1.440900000000000091e+03
1.167200000000000045e+03 2.641099999999999909e+03
3.529400000000000091e+03 1.218700000000000045e+03
1.116400000000000091e+03 1.517099999999999909e+03
3.567500000000000000e+03 1.256799999999999955e+03
1.224299999999999955e+03 2.514099999999999909e+03
3.319800000000000182e+03 1.002799999999999955e+03
1.211599999999999909e+03 2.710900000000000091e+03
3.396000000000000000e+03 1.694900000000000091e+03
1.078299999999999955e+03 2.393400000000000091e+03
3.097599999999999909e+03 1.002799999999999955e+03
1.192599999999999909e+03 2.660099999999999909e+03
3.148400000000000091e+03 1.002799999999999955e+03
1.446599999999999909e+03 2.990300000000000182e+03
3.211900000000000091e+03 9.963999999999999773e+02
1.446599999999999909e+03 2.939500000000000000e+03
3.611900000000000091e+03 1.656799999999999955e+03
1.110000000000000000e+03 2.228300000000000182e+03
3.637300000000000182e+03 2.126699999999999818e+03
1.110000000000000000e+03 1.364700000000000045e+03
3.275400000000000091e+03 2.990300000000000182e+03
1.103700000000000045e+03 1.390099999999999909e+03
3.631000000000000000e+03 1.847299999999999955e+03
1.205299999999999955e+03 2.272800000000000182e+03
3.631000000000000000e+03 2.228300000000000182e+03
1.256099999999999909e+03 2.209300000000000182e+03
3.250000000000000000e+03 9.710000000000000000e+02
1.243400000000000091e+03 2.139400000000000091e+03
3.554800000000000182e+03 2.469599999999999909e+03
1.306900000000000091e+03 1.110700000000000045e+03
3.281699999999999818e+03 2.863300000000000182e+03
1.249700000000000045e+03 1.117099999999999909e+03
3.307099999999999909e+03 2.825199999999999818e+03
1.224299999999999955e+03 1.225000000000000000e+03
3.097599999999999909e+03 2.685500000000000000e+03
1.211599999999999909e+03 1.237700000000000045e+03
3.415099999999999909e+03 2.583900000000000091e+03
1.211599999999999909e+03 1.263099999999999909e+03
3.269000000000000000e+03 2.876000000000000000e+03
1.218000000000000000e+03 1.294900000000000091e+03
3.631000000000000000e+03 1.796500000000000000e+03
1.313200000000000045e+03 2.126699999999999818e+03
3.586500000000000000e+03 1.656799999999999955e+03
1.091000000000000000e+03 1.682200000000000045e+03
3.230900000000000091e+03 2.914099999999999909e+03
1.306900000000000091e+03 1.320299999999999955e+03
3.256300000000000182e+03 2.888699999999999818e+03
1.154500000000000000e+03 1.663200000000000045e+03
3.294400000000000091e+03 2.850599999999999909e+03
1.351299999999999955e+03 1.580599999999999909e+03
3.173800000000000182e+03 2.990300000000000182e+03
1.103700000000000045e+03 1.847299999999999955e+03
3.580199999999999818e+03 2.126699999999999818e+03
1.224299999999999955e+03 2.622000000000000000e+03
3.370599999999999909e+03 1.479000000000000000e+03
1.198900000000000091e+03 2.564900000000000091e+03
3.275400000000000091e+03 1.567900000000000091e+03
1.440200000000000045e+03 2.888699999999999818e+03
3.288099999999999909e+03 1.040900000000000091e+03
1.586299999999999955e+03 2.761699999999999818e+03
3.453199999999999818e+03 1.421900000000000091e+03
1.592599999999999909e+03 2.647400000000000091e+03
3.230900000000000091e+03 1.123400000000000091e+03
1.618000000000000000e+03 3.034800000000000182e+03
3.269000000000000000e+03 1.485400000000000091e+03
1.579900000000000091e+03 2.990300000000000182e+03
2.996000000000000000e+03 1.040900000000000091e+03
1.243400000000000091e+03 2.545800000000000182e+03
3.548400000000000091e+03 2.037799999999999955e+03
1.205299999999999955e+03 2.069599999999999909e+03
3.491300000000000182e+03 2.406099999999999909e+03
1.262400000000000091e+03 1.694900000000000091e+03
3.243599999999999909e+03 2.901400000000000091e+03
1.325900000000000091e+03 1.307599999999999909e+03
3.377000000000000000e+03 2.450599999999999909e+03
1.313200000000000045e+03 1.644099999999999909e+03
3.294400000000000091e+03 2.571199999999999818e+03
1.129099999999999909e+03 1.675900000000000091e+03
3.415099999999999909e+03 1.390099999999999909e+03
1.414799999999999955e+03 2.469599999999999909e+03
3.243599999999999909e+03 1.136099999999999909e+03
1.306900000000000091e+03 2.634699999999999818e+03
3.300800000000000182e+03 1.548900000000000091e+03
1.370400000000000091e+03 2.672800000000000182e+03
3.262699999999999818e+03 1.148799999999999955e+03
1.827599999999999909e+03 2.837900000000000091e+03
2.996000000000000000e+03 9.710000000000000000e+02
1.745000000000000000e+03 3.003000000000000000e+03
3.046800000000000182e+03 1.009100000000000023e+03
1.395799999999999955e+03 2.583900000000000091e+03
3.383300000000000182e+03 1.466299999999999955e+03
1.332299999999999955e+03 2.577599999999999909e+03
3.446800000000000182e+03 1.656799999999999955e+03
1.154500000000000000e+03 2.152099999999999909e+03
3.269000000000000000e+03 2.241000000000000000e+03
1.141799999999999955e+03 1.688599999999999909e+03
2.919800000000000182e+03 2.863300000000000182e+03
1.465599999999999909e+03 1.059900000000000091e+03
3.307099999999999909e+03 2.558500000000000000e+03
1.141799999999999955e+03 1.936200000000000045e+03
3.415099999999999909e+03 2.228300000000000182e+03
1.249700000000000045e+03 1.898099999999999909e+03
3.281699999999999818e+03 2.596599999999999909e+03
1.262400000000000091e+03 1.739400000000000091e+03
3.326199999999999818e+03 2.507699999999999818e+03
1.497400000000000091e+03 1.040900000000000091e+03
3.256300000000000182e+03 2.583900000000000091e+03
1.433900000000000091e+03 1.098000000000000000e+03
2.970599999999999909e+03 2.590300000000000182e+03
1.243400000000000091e+03 1.428200000000000045e+03
3.415099999999999909e+03 2.152099999999999909e+03
1.427500000000000000e+03 1.174200000000000045e+03
3.269000000000000000e+03 2.361699999999999818e+03
1.141799999999999955e+03 1.968000000000000000e+03
3.281699999999999818e+03 2.202900000000000091e+03
1.268799999999999955e+03 1.402799999999999955e+03
3.396000000000000000e+03 2.050500000000000000e+03
1.249700000000000045e+03 1.479000000000000000e+03
3.269000000000000000e+03 1.504400000000000091e+03
1.230700000000000045e+03 2.342599999999999909e+03
3.256300000000000182e+03 1.301200000000000045e+03
1.611700000000000045e+03 2.837900000000000091e+03
2.913400000000000091e+03 1.009100000000000023e+03
2.665800000000000182e+03 3.003000000000000000e+03
1.548200000000000045e+03 1.059900000000000091e+03
2.786400000000000091e+03 2.958599999999999909e+03
1.630700000000000045e+03 1.021799999999999955e+03
2.507000000000000000e+03 2.857000000000000000e+03
1.586299999999999955e+03 1.059900000000000091e+03
3.243599999999999909e+03 2.488699999999999818e+03
1.230700000000000045e+03 2.310900000000000091e+03
3.351599999999999909e+03 1.542500000000000000e+03
1.446599999999999909e+03 2.393400000000000091e+03
3.396000000000000000e+03 1.663200000000000045e+03
1.548200000000000045e+03 2.533099999999999909e+03
3.351599999999999909e+03 1.593299999999999955e+03
1.230700000000000045e+03 1.891799999999999955e+03
3.230900000000000091e+03 2.476000000000000000e+03
1.256099999999999909e+03 1.504400000000000091e+03
3.243599999999999909e+03 1.593299999999999955e+03
1.446599999999999909e+03 2.609300000000000182e+03
3.256300000000000182e+03 1.453599999999999909e+03
1.281500000000000000e+03 2.317199999999999818e+03
3.199199999999999818e+03 1.510799999999999955e+03
1.268799999999999955e+03 1.523500000000000000e+03
3.123000000000000000e+03 2.634699999999999818e+03
1.751400000000000091e+03 9.710000000000000000e+02
2.176800000000000182e+03 2.990300000000000182e+03
1.668799999999999955e+03 1.015500000000000000e+03
2.361000000000000000e+03 3.022099999999999909e+03
1.789500000000000000e+03 9.963999999999999773e+02
2.462599999999999909e+03 3.022099999999999909e+03
2.900699999999999818e+03 1.040900000000000091e+03
2.018099999999999909e+03 3.015699999999999818e+03
2.843599999999999909e+03 1.009100000000000023e+03
2.119699999999999818e+03 3.009400000000000091e+03
2.742000000000000000e+03 9.710000000000000000e+02
2.081599999999999909e+03 2.990300000000000182e+03
2.792800000000000182e+03 1.009100000000000023e+03
2.234000000000000000e+03 2.888699999999999818e+03
1.764099999999999909e+03 1.028200000000000045e+03
2.488000000000000000e+03 3.003000000000000000e+03
1.624400000000000091e+03 1.110700000000000045e+03
2.849900000000000091e+03 2.818900000000000091e+03
1.383099999999999909e+03 1.333000000000000000e+03
2.900699999999999818e+03 2.704599999999999909e+03
1.294200000000000045e+03 1.491700000000000045e+03
2.811800000000000182e+03 2.837900000000000091e+03
1.776799999999999955e+03 1.053599999999999909e+03
2.570500000000000000e+03 2.952199999999999818e+03
2.005400000000000091e+03 9.710000000000000000e+02
2.589599999999999909e+03 2.926800000000000182e+03
1.738700000000000045e+03 1.085299999999999955e+03
2.773699999999999818e+03 2.812500000000000000e+03
1.211599999999999909e+03 1.815599999999999909e+03
3.269000000000000000e+03 1.694900000000000091e+03
1.287799999999999955e+03 1.942599999999999909e+03
3.148400000000000091e+03 2.380699999999999818e+03
1.433900000000000091e+03 1.339299999999999955e+03
2.938800000000000182e+03 2.685500000000000000e+03
1.713299999999999955e+03 1.110700000000000045e+03
2.246699999999999818e+03 2.990300000000000182e+03
1.954599999999999909e+03 1.002799999999999955e+03
2.589599999999999909e+03 2.825199999999999818e+03
1.878400000000000091e+03 1.040900000000000091e+03
2.195900000000000091e+03 2.964900000000000091e+03
2.722900000000000091e+03 1.040900000000000091e+03
1.630700000000000045e+03 2.736300000000000182e+03
2.659400000000000091e+03 1.059900000000000091e+03
2.107000000000000000e+03 2.939500000000000000e+03
2.576900000000000091e+03 1.028200000000000045e+03
2.081599999999999909e+03 2.914099999999999909e+03
2.024400000000000091e+03 1.002799999999999955e+03
2.348300000000000182e+03 2.939500000000000000e+03
2.310199999999999818e+03 1.066299999999999955e+03
2.761000000000000000e+03 2.787099999999999909e+03
1.624400000000000091e+03 1.186900000000000091e+03
3.053099999999999909e+03 2.507699999999999818e+03
1.313200000000000045e+03 1.567900000000000091e+03
3.097599999999999909e+03 2.425199999999999818e+03
1.503700000000000045e+03 1.288500000000000000e+03
3.148400000000000091e+03 2.279099999999999909e+03
1.249700000000000045e+03 1.853700000000000045e+03
3.224599999999999909e+03 1.853700000000000045e+03
1.243400000000000091e+03 1.923500000000000000e+03
3.148400000000000091e+03 2.228300000000000182e+03
1.338599999999999909e+03 1.593299999999999955e+03
3.002300000000000182e+03 2.450599999999999909e+03
1.364000000000000000e+03 1.555200000000000045e+03
2.830900000000000091e+03 2.685500000000000000e+03
2.100599999999999909e+03 1.002799999999999955e+03
2.259400000000000091e+03 2.939500000000000000e+03
2.056199999999999818e+03 1.009100000000000023e+03
2.335599999999999909e+03 2.914099999999999909e+03
2.005400000000000091e+03 1.021799999999999955e+03
2.176800000000000182e+03 2.926800000000000182e+03
2.278400000000000091e+03 1.009100000000000023e+03
2.246699999999999818e+03 2.914099999999999909e+03
2.094300000000000182e+03 1.040900000000000091e+03
2.322900000000000091e+03 2.888699999999999818e+03
2.672099999999999909e+03 1.110700000000000045e+03
1.630700000000000045e+03 2.685500000000000000e+03
3.123000000000000000e+03 1.587000000000000000e+03
1.281500000000000000e+03 2.095000000000000000e+03
3.123000000000000000e+03 1.796500000000000000e+03
1.275099999999999909e+03 1.974299999999999955e+03
3.116599999999999909e+03 2.018799999999999955e+03
1.275099999999999909e+03 1.955299999999999955e+03
3.097599999999999909e+03 2.190199999999999818e+03
1.700599999999999909e+03 1.174200000000000045e+03
2.608599999999999909e+03 2.761699999999999818e+03
1.751400000000000091e+03 1.136099999999999909e+03
2.310199999999999818e+03 2.863300000000000182e+03
2.297500000000000000e+03 1.040900000000000091e+03
2.062500000000000000e+03 2.888699999999999818e+03
2.437199999999999818e+03 1.059900000000000091e+03
1.922799999999999955e+03 2.761699999999999818e+03
2.202199999999999818e+03 1.040900000000000091e+03
1.700599999999999909e+03 2.685500000000000000e+03
2.799099999999999909e+03 1.250400000000000091e+03
1.427500000000000000e+03 2.456900000000000091e+03
2.786400000000000091e+03 1.237700000000000045e+03
1.427500000000000000e+03 2.431500000000000000e+03
2.818199999999999818e+03 1.275799999999999955e+03
1.973599999999999909e+03 2.837900000000000091e+03
1.726000000000000000e+03 1.161500000000000000e+03
2.862599999999999909e+03 2.590300000000000182e+03
1.706900000000000091e+03 1.212299999999999955e+03
3.053099999999999909e+03 2.323599999999999909e+03
1.294200000000000045e+03 1.923500000000000000e+03
3.097599999999999909e+03 1.999700000000000045e+03
1.294200000000000045e+03 1.980700000000000045e+03
3.021400000000000091e+03 1.618700000000000045e+03
1.351299999999999955e+03 2.228300000000000182e+03
2.837199999999999818e+03 1.390099999999999909e+03
1.592599999999999909e+03 2.533099999999999909e+03
2.557800000000000182e+03 1.155200000000000045e+03
1.960900000000000091e+03 2.799800000000000182e+03
2.005400000000000091e+03 1.079000000000000000e+03
2.221300000000000182e+03 2.863300000000000182e+03
1.929200000000000045e+03 1.110700000000000045e+03
2.830900000000000091e+03 2.558500000000000000e+03
1.980000000000000000e+03 1.123400000000000091e+03
2.195900000000000091e+03 2.863300000000000182e+03
2.259400000000000091e+03 1.085299999999999955e+03
2.234000000000000000e+03 2.837900000000000091e+03
2.208599999999999909e+03 1.104400000000000091e+03
1.624400000000000091e+03 2.564900000000000091e+03
2.500699999999999818e+03 1.155200000000000045e+03
1.300500000000000000e+03 1.999700000000000045e+03
3.002300000000000182e+03 2.304500000000000000e+03
2.132400000000000091e+03 1.110700000000000045e+03
2.361000000000000000e+03 2.361699999999999818e+03
2.672099999999999909e+03 1.275799999999999955e+03
1.789500000000000000e+03 2.152099999999999909e+03
2.659400000000000091e+03 1.580599999999999909e+03
1.948200000000000045e+03 2.266400000000000091e+03
2.716599999999999909e+03 1.720299999999999955e+03
1.757700000000000045e+03 1.771099999999999909e+03
2.716599999999999909e+03 1.898099999999999909e+03
1.827599999999999909e+03 1.783799999999999955e+03
2.564199999999999818e+03 2.279099999999999909e+03
1.980000000000000000e+03 1.517099999999999909e+03
2.405400000000000091e+03 2.342599999999999909e+03
2.068900000000000091e+03 1.491700000000000045e+03
2.170500000000000000e+03 2.380699999999999818e+03
2.424500000000000000e+03 1.491700000000000045e+03
2.170500000000000000e+03 2.304500000000000000e+03
2.424500000000000000e+03 1.517099999999999909e+03
1.929200000000000045e+03 2.190199999999999818e+03
2.640400000000000091e+03 1.669500000000000000e+03
1.814900000000000091e+03 1.809200000000000045e+03
2.691199999999999818e+03 1.834599999999999909e+03
1.865700000000000045e+03 1.898099999999999909e+03
2.678500000000000000e+03 1.942599999999999909e+03
1.929200000000000045e+03 1.618700000000000045e+03
2.500699999999999818e+03 2.228300000000000182e+03
2.068900000000000091e+03 1.517099999999999909e+03
2.151400000000000091e+03 2.190199999999999818e+03
2.329199999999999818e+03 1.542500000000000000e+03
2.094300000000000182e+03 2.253699999999999818e+03
2.494300000000000182e+03 1.517099999999999909e+03
2.170500000000000000e+03 2.279099999999999909e+03
2.411800000000000182e+03 1.453599999999999909e+03
2.075199999999999818e+03 2.228300000000000182e+03
2.615000000000000000e+03 1.618700000000000045e+03
1.929200000000000045e+03 2.088599999999999909e+03
2.513400000000000091e+03 1.542500000000000000e+03
1.973599999999999909e+03 2.139400000000000091e+03
2.570500000000000000e+03 1.707599999999999909e+03
1.948200000000000045e+03 2.107699999999999818e+03
2.538800000000000182e+03 1.644099999999999909e+03
2.081599999999999909e+03 2.177500000000000000e+03
2.564199999999999818e+03 1.669500000000000000e+03
1.903799999999999955e+03 1.904500000000000000e+03
2.576900000000000091e+03 2.101300000000000182e+03
1.929200000000000045e+03 1.669500000000000000e+03
2.462599999999999909e+03 2.202900000000000091e+03
2.183199999999999818e+03 1.517099999999999909e+03
2.361000000000000000e+03 2.247400000000000091e+03
2.234000000000000000e+03 1.504400000000000091e+03
2.170500000000000000e+03 2.228300000000000182e+03
2.316500000000000000e+03 1.555200000000000045e+03
2.100599999999999909e+03 2.164800000000000182e+03
2.475300000000000182e+03 1.618700000000000045e+03
2.005400000000000091e+03 2.075900000000000091e+03
2.583199999999999818e+03 1.796500000000000000e+03
1.891099999999999909e+03 1.917200000000000045e+03
2.462599999999999909e+03 1.669500000000000000e+03
2.227599999999999909e+03 2.164800000000000182e+03
2.246699999999999818e+03 1.555200000000000045e+03
2.475300000000000182e+03 1.898099999999999909e+03
2.049800000000000182e+03 1.618700000000000045e+03
2.348300000000000182e+03 1.923500000000000000e+03
2.018099999999999909e+03 1.644099999999999909e+03
2.437199999999999818e+03 1.745700000000000045e+03
2.030799999999999955e+03 1.847299999999999955e+03
2.430800000000000182e+03 1.675900000000000091e+03
2.030799999999999955e+03 1.821900000000000091e+03
2.405400000000000091e+03 1.745700000000000045e+03
2.030799999999999955e+03 1.783799999999999955e+03
2.367300000000000182e+03 1.644099999999999909e+03
2.037099999999999909e+03 1.669500000000000000e+03
2.316500000000000000e+03 1.942599999999999909e+03
2.164099999999999909e+03 1.580599999999999909e+03
2.265699999999999818e+03 1.898099999999999909e+03
2.126000000000000000e+03 1.599700000000000045e+03
2.132400000000000091e+03 1.847299999999999955e+03
2.234000000000000000e+03 1.567900000000000091e+03
2.075199999999999818e+03 1.745700000000000045e+03
2.335599999999999909e+03 1.567900000000000091e+03
2.157800000000000182e+03 1.796500000000000000e+03
2.246699999999999818e+03 1.517099999999999909e+03
2.081599999999999909e+03 1.802900000000000091e+03
2.284800000000000182e+03 1.618700000000000045e+03
2.107000000000000000e+03 1.618700000000000045e+03
2.297500000000000000e+03 1.701299999999999955e+03
2.113300000000000182e+03 1.644099999999999909e+03
2.253000000000000000e+03 1.758400000000000091e+03
2.183199999999999818e+03 1.644099999999999909e+03
2.234000000000000000e+03 1.669500000000000000e+03
3.808800000000000182e+03 2.533099999999999909e+03
