0.000000000000000000e+00 0.000000000000000000e+00
8.000000000000000000e+00 7.510000000000000000e+04
8.000000000000000000e+00 8.780000000000000000e+04
8.000000000000000000e+00 7.510000000000000000e+04
8.000000000000000000e+00 8.780000000000000000e+04
8.000000000000000000e+00 8.780000000000000000e+04
9.000000000000000000e+00 6.400000000000000000e+04
1.000000000000000000e+00 1.164000000000000000e+04
1.000000000000000000e+00 1.480000000000000000e+03
1.000000000000000000e+00 5.290000000000000000e+03
1.000000000000000000e+00 1.480000000000000000e+03
1.000000000000000000e+00 1.164000000000000000e+04
1.000000000000000000e+00 1.672000000000000000e+04
1.000000000000000000e+00 4.974000000000000000e+04
1.000000000000000000e+00 3.450000000000000000e+04
1.000000000000000000e+00 3.704000000000000000e+04
1.000000000000000000e+00 4.339000000000000000e+04
1.000000000000000000e+00 4.656000000000000000e+04
1.000000000000000000e+00 5.482000000000000000e+04
1.000000000000000000e+00 5.863000000000000000e+04
1.000000000000000000e+00 4.339000000000000000e+04
1.000000000000000000e+00 3.069000000000000000e+04
1.000000000000000000e+00 6.244000000000000000e+04
1.000000000000000000e+00 7.133000000000000000e+04
1.000000000000000000e+00 2.497000000000000000e+04
1.000000000000000000e+00 7.514000000000000000e+04
1.000000000000000000e+00 7.260000000000000000e+04
1.000000000000000000e+00 7.006000000000000000e+04
1.000000000000000000e+00 4.275000000000000000e+04
1.000000000000000000e+00 6.244000000000000000e+04
1.000000000000000000e+00 7.069000000000000000e+04
1.000000000000000000e+00 7.958000000000000000e+04
1.000000000000000000e+00 2.243000000000000000e+04
1.000000000000000000e+00 2.116000000000000000e+04
1.000000000000000000e+00 8.784000000000000000e+04
1.000000000000000000e+00 2.243000000000000000e+04
1.000000000000000000e+00 2.116000000000000000e+04
1.000000000000000000e+00 8.530000000000000000e+04
1.000000000000000000e+00 8.911000000000000000e+04
1.000000000000000000e+00 2.243000000000000000e+04
1.000000000000000000e+00 5.037000000000000000e+04
1.000000000000000000e+00 2.180000000000000000e+04
1.000000000000000000e+00 8.784000000000000000e+04
1.000000000000000000e+00 9.546000000000000000e+04
1.000000000000000000e+00 3.259000000000000000e+04
1.000000000000000000e+00 3.069000000000000000e+04
1.000000000000000000e+00 8.657000000000000000e+04
2.000000000000000000e+00 3.080000000000000000e+03
1.000000000000000000e+00 6.117000000000000000e+04
1.000000000000000000e+00 3.831000000000000000e+04
1.000000000000000000e+00 4.339000000000000000e+04
2.000000000000000000e+00 9.430000000000000000e+03
1.000000000000000000e+00 5.990000000000000000e+04
1.000000000000000000e+00 1.100000000000000000e+04
1.000000000000000000e+00 4.021000000000000000e+04
1.000000000000000000e+00 6.752000000000000000e+04
2.000000000000000000e+00 1.895000000000000000e+04
1.000000000000000000e+00 5.863000000000000000e+04
1.000000000000000000e+00 8.911000000000000000e+04
1.000000000000000000e+00 6.180000000000000000e+04
1.000000000000000000e+00 1.037000000000000000e+04
1.000000000000000000e+00 9.927000000000000000e+04
2.000000000000000000e+00 1.324000000000000000e+04
1.000000000000000000e+00 2.688000000000000000e+04
1.000000000000000000e+00 9.100000000000000000e+03
1.000000000000000000e+00 5.101000000000000000e+04
1.000000000000000000e+00 9.736000000000000000e+04
2.000000000000000000e+00 2.340000000000000000e+04
1.000000000000000000e+00 2.434000000000000000e+04
1.000000000000000000e+00 6.180000000000000000e+04
1.000000000000000000e+00 8.784000000000000000e+04
1.000000000000000000e+00 9.800000000000000000e+04
1.000000000000000000e+00 5.355000000000000000e+04
1.000000000000000000e+00 2.497000000000000000e+04
1.000000000000000000e+00 2.942000000000000000e+04
2.000000000000000000e+00 6.890000000000000000e+03
2.000000000000000000e+00 2.340000000000000000e+04
1.000000000000000000e+00 2.561000000000000000e+04
1.000000000000000000e+00 1.480000000000000000e+03
1.000000000000000000e+00 1.164000000000000000e+04
1.000000000000000000e+00 9.800000000000000000e+04
2.000000000000000000e+00 6.890000000000000000e+03
2.000000000000000000e+00 1.832000000000000000e+04
2.000000000000000000e+00 2.467000000000000000e+04
1.000000000000000000e+00 2.688000000000000000e+04
1.000000000000000000e+00 5.164000000000000000e+04
1.000000000000000000e+00 7.387000000000000000e+04
2.000000000000000000e+00 3.292000000000000000e+04
2.000000000000000000e+00 3.165000000000000000e+04
2.000000000000000000e+00 2.467000000000000000e+04
1.000000000000000000e+00 8.593000000000000000e+04
1.000000000000000000e+00 3.640000000000000000e+04
1.000000000000000000e+00 7.133000000000000000e+04
1.000000000000000000e+00 3.132000000000000000e+04
2.000000000000000000e+00 2.340000000000000000e+04
2.000000000000000000e+00 3.356000000000000000e+04
2.000000000000000000e+00 1.641000000000000000e+04
1.000000000000000000e+00 3.513000000000000000e+04
1.000000000000000000e+00 3.386000000000000000e+04
1.000000000000000000e+00 7.069000000000000000e+04
2.000000000000000000e+00 1.260000000000000000e+04
1.000000000000000000e+00 2.053000000000000000e+04
1.000000000000000000e+00 4.085000000000000000e+04
1.000000000000000000e+00 5.736000000000000000e+04
1.000000000000000000e+00 8.466000000000000000e+04
1.000000000000000000e+00 9.292000000000000000e+04
2.000000000000000000e+00 4.980000000000000000e+03
2.000000000000000000e+00 1.070000000000000000e+04
2.000000000000000000e+00 2.848000000000000000e+04
2.000000000000000000e+00 3.673000000000000000e+04
2.000000000000000000e+00 1.832000000000000000e+04
2.000000000000000000e+00 1.133000000000000000e+04
2.000000000000000000e+00 1.810000000000000000e+03
1.000000000000000000e+00 6.498000000000000000e+04
1.000000000000000000e+00 4.720000000000000000e+04
1.000000000000000000e+00 3.132000000000000000e+04
1.000000000000000000e+00 1.545000000000000000e+04
9.000000000000000000e+00 5.130000000000000000e+04
1.000000000000000000e+00 5.037000000000000000e+04
1.000000000000000000e+00 5.990000000000000000e+04
1.000000000000000000e+00 7.387000000000000000e+04
1.000000000000000000e+00 9.292000000000000000e+04
2.000000000000000000e+00 3.710000000000000000e+03
2.000000000000000000e+00 2.340000000000000000e+04
2.000000000000000000e+00 4.626000000000000000e+04
2.000000000000000000e+00 5.642000000000000000e+04
2.000000000000000000e+00 6.404000000000000000e+04
2.000000000000000000e+00 4.308000000000000000e+04
1.000000000000000000e+00 1.291000000000000000e+04
1.000000000000000000e+00 9.100000000000000000e+03
1.000000000000000000e+00 1.418000000000000000e+04
1.000000000000000000e+00 2.100000000000000000e+02
1.000000000000000000e+00 2.624000000000000000e+04
2.000000000000000000e+00 7.420000000000000000e+04
2.000000000000000000e+00 2.975000000000000000e+04
2.000000000000000000e+00 5.705000000000000000e+04
2.000000000000000000e+00 7.166000000000000000e+04
1.000000000000000000e+00 1.672000000000000000e+04
1.000000000000000000e+00 1.480000000000000000e+03
1.000000000000000000e+00 6.942000000000000000e+04
1.000000000000000000e+00 2.624000000000000000e+04
8.000000000000000000e+00 7.510000000000000000e+04
1.000000000000000000e+00 1.164000000000000000e+04
2.000000000000000000e+00 7.520000000000000000e+03
2.000000000000000000e+00 4.054000000000000000e+04
2.000000000000000000e+00 4.372000000000000000e+04
2.000000000000000000e+00 2.530000000000000000e+04
1.000000000000000000e+00 7.577000000000000000e+04
1.000000000000000000e+00 6.879000000000000000e+04
1.000000000000000000e+00 8.276000000000000000e+04
2.000000000000000000e+00 3.080000000000000000e+03
2.000000000000000000e+00 1.578000000000000000e+04
2.000000000000000000e+00 5.832000000000000000e+04
2.000000000000000000e+00 8.160000000000000000e+03
1.000000000000000000e+00 8.149000000000000000e+04
1.000000000000000000e+00 2.116000000000000000e+04
1.000000000000000000e+00 1.480000000000000000e+03
1.000000000000000000e+00 5.037000000000000000e+04
2.000000000000000000e+00 3.080000000000000000e+03
2.000000000000000000e+00 8.182000000000000000e+04
2.000000000000000000e+00 6.912000000000000000e+04
1.000000000000000000e+00 6.942000000000000000e+04
1.000000000000000000e+00 1.227000000000000000e+04
9.000000000000000000e+00 8.940000000000000000e+04
1.000000000000000000e+00 1.037000000000000000e+04
1.000000000000000000e+00 4.212000000000000000e+04
2.000000000000000000e+00 3.080000000000000000e+03
2.000000000000000000e+00 1.324000000000000000e+04
1.000000000000000000e+00 2.497000000000000000e+04
1.000000000000000000e+00 6.244000000000000000e+04
1.000000000000000000e+00 6.815000000000000000e+04
1.000000000000000000e+00 6.244000000000000000e+04
1.000000000000000000e+00 2.307000000000000000e+04
2.000000000000000000e+00 9.198000000000000000e+04
2.000000000000000000e+00 7.166000000000000000e+04
2.000000000000000000e+00 4.753000000000000000e+04
2.000000000000000000e+00 2.657000000000000000e+04
1.000000000000000000e+00 8.657000000000000000e+04
1.000000000000000000e+00 2.497000000000000000e+04
1.000000000000000000e+00 9.038000000000000000e+04
1.000000000000000000e+00 3.069000000000000000e+04
1.000000000000000000e+00 3.259000000000000000e+04
2.000000000000000000e+00 8.436000000000000000e+04
2.000000000000000000e+00 9.388000000000000000e+04
1.000000000000000000e+00 8.911000000000000000e+04
1.000000000000000000e+00 2.434000000000000000e+04
1.000000000000000000e+00 2.942000000000000000e+04
1.000000000000000000e+00 3.767000000000000000e+04
2.000000000000000000e+00 3.483000000000000000e+04
2.000000000000000000e+00 7.864000000000000000e+04
1.000000000000000000e+00 1.418000000000000000e+04
1.000000000000000000e+00 2.878000000000000000e+04
2.000000000000000000e+00 3.165000000000000000e+04
2.000000000000000000e+00 6.785000000000000000e+04
2.000000000000000000e+00 9.769000000000000000e+04
1.000000000000000000e+00 2.751000000000000000e+04
1.000000000000000000e+00 1.418000000000000000e+04
1.000000000000000000e+00 2.751000000000000000e+04
1.000000000000000000e+00 2.942000000000000000e+04
1.000000000000000000e+00 3.005000000000000000e+04
2.000000000000000000e+00 9.960000000000000000e+04
3.000000000000000000e+00 9.760000000000000000e+03
3.000000000000000000e+00 1.166000000000000000e+04
2.000000000000000000e+00 7.610000000000000000e+04
1.000000000000000000e+00 5.164000000000000000e+04
2.000000000000000000e+00 8.055000000000000000e+04
1.000000000000000000e+00 2.053000000000000000e+04
2.000000000000000000e+00 5.400000000000000000e+02
1.000000000000000000e+00 9.292000000000000000e+04
1.000000000000000000e+00 2.815000000000000000e+04
1.000000000000000000e+00 2.100000000000000000e+02
2.000000000000000000e+00 5.769000000000000000e+04
2.000000000000000000e+00 8.499000000000000000e+04
2.000000000000000000e+00 9.515000000000000000e+04
1.000000000000000000e+00 9.482000000000000000e+04
1.000000000000000000e+00 6.625000000000000000e+04
2.000000000000000000e+00 8.245000000000000000e+04
1.000000000000000000e+00 3.132000000000000000e+04
1.000000000000000000e+00 2.434000000000000000e+04
1.000000000000000000e+00 9.736000000000000000e+04
1.000000000000000000e+00 1.545000000000000000e+04
1.000000000000000000e+00 7.895000000000000000e+04
2.000000000000000000e+00 8.055000000000000000e+04
2.000000000000000000e+00 2.276000000000000000e+04
2.000000000000000000e+00 1.006000000000000000e+04
1.000000000000000000e+00 5.799000000000000000e+04
2.000000000000000000e+00 8.160000000000000000e+03
1.000000000000000000e+00 9.292000000000000000e+04
2.000000000000000000e+00 1.514000000000000000e+04
3.000000000000000000e+00 9.760000000000000000e+03
1.000000000000000000e+00 1.481000000000000000e+04
9.000000000000000000e+00 8.940000000000000000e+04
1.000000000000000000e+00 7.387000000000000000e+04
2.000000000000000000e+00 4.626000000000000000e+04
1.000000000000000000e+00 2.561000000000000000e+04
1.000000000000000000e+00 1.480000000000000000e+03
1.000000000000000000e+00 5.736000000000000000e+04
9.000000000000000000e+00 1.320000000000000000e+04
1.000000000000000000e+00 1.100000000000000000e+04
1.000000000000000000e+00 1.672000000000000000e+04
1.000000000000000000e+00 3.513000000000000000e+04
1.000000000000000000e+00 7.450000000000000000e+04
2.000000000000000000e+00 7.520000000000000000e+03
2.000000000000000000e+00 1.705000000000000000e+04
2.000000000000000000e+00 5.007000000000000000e+04
2.000000000000000000e+00 8.245000000000000000e+04
3.000000000000000000e+00 1.484000000000000000e+04
1.000000000000000000e+00 8.403000000000000000e+04
1.000000000000000000e+00 5.863000000000000000e+04
2.000000000000000000e+00 3.610000000000000000e+04
2.000000000000000000e+00 9.430000000000000000e+03
1.000000000000000000e+00 8.466000000000000000e+04
1.000000000000000000e+00 9.482000000000000000e+04
1.000000000000000000e+00 2.053000000000000000e+04
1.000000000000000000e+00 6.434000000000000000e+04
2.000000000000000000e+00 1.705000000000000000e+04
2.000000000000000000e+00 5.642000000000000000e+04
3.000000000000000000e+00 1.484000000000000000e+04
3.000000000000000000e+00 2.300000000000000000e+02
2.000000000000000000e+00 1.705000000000000000e+04
1.000000000000000000e+00 8.085000000000000000e+04
1.000000000000000000e+00 2.307000000000000000e+04
1.000000000000000000e+00 1.164000000000000000e+04
1.000000000000000000e+00 2.815000000000000000e+04
1.000000000000000000e+00 3.069000000000000000e+04
2.000000000000000000e+00 8.817000000000000000e+04
3.000000000000000000e+00 5.310000000000000000e+03
2.000000000000000000e+00 6.086000000000000000e+04
1.000000000000000000e+00 9.101000000000000000e+04
9.000000000000000000e+00 5.000000000000000000e+02
2.000000000000000000e+00 5.400000000000000000e+02
1.000000000000000000e+00 2.307000000000000000e+04
2.000000000000000000e+00 4.054000000000000000e+04
2.000000000000000000e+00 9.706000000000000000e+04
2.000000000000000000e+00 4.880000000000000000e+04
1.000000000000000000e+00 5.990000000000000000e+04
1.000000000000000000e+00 9.800000000000000000e+04
2.000000000000000000e+00 3.610000000000000000e+04
2.000000000000000000e+00 7.864000000000000000e+04
3.000000000000000000e+00 1.484000000000000000e+04
3.000000000000000000e+00 2.300000000000000000e+02
2.000000000000000000e+00 8.118000000000000000e+04
2.000000000000000000e+00 6.404000000000000000e+04
2.000000000000000000e+00 5.007000000000000000e+04
2.000000000000000000e+00 1.705000000000000000e+04
2.000000000000000000e+00 7.293000000000000000e+04
2.000000000000000000e+00 5.197000000000000000e+04
1.000000000000000000e+00 5.863000000000000000e+04
1.000000000000000000e+00 4.466000000000000000e+04
1.000000000000000000e+00 7.830000000000000000e+03
1.000000000000000000e+00 1.672000000000000000e+04
2.000000000000000000e+00 3.483000000000000000e+04
1.000000000000000000e+00 5.990000000000000000e+04
1.000000000000000000e+00 4.275000000000000000e+04
1.000000000000000000e+00 6.942000000000000000e+04
2.000000000000000000e+00 8.499000000000000000e+04
2.000000000000000000e+00 9.388000000000000000e+04
3.000000000000000000e+00 2.300000000000000000e+02
1.000000000000000000e+00 1.545000000000000000e+04
1.000000000000000000e+00 4.275000000000000000e+04
1.000000000000000000e+00 9.800000000000000000e+04
2.000000000000000000e+00 8.118000000000000000e+04
2.000000000000000000e+00 8.753000000000000000e+04
1.000000000000000000e+00 4.148000000000000000e+04
2.000000000000000000e+00 1.514000000000000000e+04
2.000000000000000000e+00 1.768000000000000000e+04
3.000000000000000000e+00 5.310000000000000000e+03
1.000000000000000000e+00 2.243000000000000000e+04
1.000000000000000000e+00 5.482000000000000000e+04
1.000000000000000000e+00 5.926000000000000000e+04
1.000000000000000000e+00 9.800000000000000000e+04
2.000000000000000000e+00 1.070000000000000000e+04
2.000000000000000000e+00 1.832000000000000000e+04
2.000000000000000000e+00 4.626000000000000000e+04
2.000000000000000000e+00 5.451000000000000000e+04
2.000000000000000000e+00 5.642000000000000000e+04
2.000000000000000000e+00 6.721000000000000000e+04
1.000000000000000000e+00 2.434000000000000000e+04
2.000000000000000000e+00 1.895000000000000000e+04
2.000000000000000000e+00 8.309000000000000000e+04
1.000000000000000000e+00 9.228000000000000000e+04
1.000000000000000000e+00 6.244000000000000000e+04
1.000000000000000000e+00 1.989000000000000000e+04
1.000000000000000000e+00 3.323000000000000000e+04
1.000000000000000000e+00 3.958000000000000000e+04
1.000000000000000000e+00 6.752000000000000000e+04
1.000000000000000000e+00 9.038000000000000000e+04
2.000000000000000000e+00 1.324000000000000000e+04
2.000000000000000000e+00 4.372000000000000000e+04
2.000000000000000000e+00 6.086000000000000000e+04
2.000000000000000000e+00 8.626000000000000000e+04
2.000000000000000000e+00 9.706000000000000000e+04
2.000000000000000000e+00 5.388000000000000000e+04
2.000000000000000000e+00 2.086000000000000000e+04
1.000000000000000000e+00 4.466000000000000000e+04
1.000000000000000000e+00 2.243000000000000000e+04
2.000000000000000000e+00 7.610000000000000000e+04
3.000000000000000000e+00 1.230000000000000000e+04
2.000000000000000000e+00 5.896000000000000000e+04
2.000000000000000000e+00 3.800000000000000000e+04
1.000000000000000000e+00 3.069000000000000000e+04
1.000000000000000000e+00 1.672000000000000000e+04
1.000000000000000000e+00 5.926000000000000000e+04
2.000000000000000000e+00 8.118000000000000000e+04
2.000000000000000000e+00 6.086000000000000000e+04
1.000000000000000000e+00 1.926000000000000000e+04
1.000000000000000000e+00 3.704000000000000000e+04
1.000000000000000000e+00 1.418000000000000000e+04
1.000000000000000000e+00 6.307000000000000000e+04
1.000000000000000000e+00 7.006000000000000000e+04
1.000000000000000000e+00 9.228000000000000000e+04
2.000000000000000000e+00 1.768000000000000000e+04
2.000000000000000000e+00 4.816000000000000000e+04
2.000000000000000000e+00 6.277000000000000000e+04
2.000000000000000000e+00 8.309000000000000000e+04
2.000000000000000000e+00 9.388000000000000000e+04
3.000000000000000000e+00 9.760000000000000000e+03
2.000000000000000000e+00 2.022000000000000000e+04
2.000000000000000000e+00 1.070000000000000000e+04
2.000000000000000000e+00 4.372000000000000000e+04
2.000000000000000000e+00 9.007000000000000000e+04
1.000000000000000000e+00 2.116000000000000000e+04
2.000000000000000000e+00 5.769000000000000000e+04
2.000000000000000000e+00 4.626000000000000000e+04
1.000000000000000000e+00 6.307000000000000000e+04
1.000000000000000000e+00 9.800000000000000000e+04
2.000000000000000000e+00 3.800000000000000000e+04
2.000000000000000000e+00 6.086000000000000000e+04
2.000000000000000000e+00 3.229000000000000000e+04
1.000000000000000000e+00 9.228000000000000000e+04
1.000000000000000000e+00 5.863000000000000000e+04
1.000000000000000000e+00 2.750000000000000000e+03
1.000000000000000000e+00 2.688000000000000000e+04
2.000000000000000000e+00 1.070000000000000000e+04
2.000000000000000000e+00 3.356000000000000000e+04
2.000000000000000000e+00 7.610000000000000000e+04
2.000000000000000000e+00 3.229000000000000000e+04
1.000000000000000000e+00 9.609000000000000000e+04
2.000000000000000000e+00 1.768000000000000000e+04
2.000000000000000000e+00 3.483000000000000000e+04
2.000000000000000000e+00 7.737000000000000000e+04
2.000000000000000000e+00 8.499000000000000000e+04
2.000000000000000000e+00 5.896000000000000000e+04
2.000000000000000000e+00 8.118000000000000000e+04
2.000000000000000000e+00 3.800000000000000000e+04
2.000000000000000000e+00 2.340000000000000000e+04
1.000000000000000000e+00 9.736000000000000000e+04
1.000000000000000000e+00 8.276000000000000000e+04
1.000000000000000000e+00 6.117000000000000000e+04
1.000000000000000000e+00 4.466000000000000000e+04
1.000000000000000000e+00 1.100000000000000000e+04
1.000000000000000000e+00 2.815000000000000000e+04
2.000000000000000000e+00 5.070000000000000000e+04
2.000000000000000000e+00 9.198000000000000000e+04
2.000000000000000000e+00 3.102000000000000000e+04
2.000000000000000000e+00 2.213000000000000000e+04
2.000000000000000000e+00 1.959000000000000000e+04
1.000000000000000000e+00 5.799000000000000000e+04
1.000000000000000000e+00 3.577000000000000000e+04
9.000000000000000000e+00 8.300000000000000000e+04
1.000000000000000000e+00 4.402000000000000000e+04
2.000000000000000000e+00 6.250000000000000000e+03
2.000000000000000000e+00 2.340000000000000000e+04
2.000000000000000000e+00 3.229000000000000000e+04
1.000000000000000000e+00 4.466000000000000000e+04
2.000000000000000000e+00 8.160000000000000000e+03
2.000000000000000000e+00 2.467000000000000000e+04
2.000000000000000000e+00 3.356000000000000000e+04
3.000000000000000000e+00 2.309000000000000000e+04
1.000000000000000000e+00 1.735000000000000000e+04
2.000000000000000000e+00 1.768000000000000000e+04
2.000000000000000000e+00 5.896000000000000000e+04
2.000000000000000000e+00 3.483000000000000000e+04
2.000000000000000000e+00 2.594000000000000000e+04
2.000000000000000000e+00 1.070000000000000000e+04
1.000000000000000000e+00 4.466000000000000000e+04
1.000000000000000000e+00 1.100000000000000000e+04
2.000000000000000000e+00 5.705000000000000000e+04
2.000000000000000000e+00 7.864000000000000000e+04
2.000000000000000000e+00 1.959000000000000000e+04
1.000000000000000000e+00 1.799000000000000000e+04
1.000000000000000000e+00 4.466000000000000000e+04
1.000000000000000000e+00 5.799000000000000000e+04
2.000000000000000000e+00 8.160000000000000000e+03
2.000000000000000000e+00 1.768000000000000000e+04
2.000000000000000000e+00 2.467000000000000000e+04
3.000000000000000000e+00 1.738000000000000000e+04
3.000000000000000000e+00 2.754000000000000000e+04
2.000000000000000000e+00 6.658000000000000000e+04
2.000000000000000000e+00 4.880000000000000000e+04
1.000000000000000000e+00 7.450000000000000000e+04
2.000000000000000000e+00 1.197000000000000000e+04
2.000000000000000000e+00 1.810000000000000000e+03
2.000000000000000000e+00 3.610000000000000000e+04
2.000000000000000000e+00 4.626000000000000000e+04
1.000000000000000000e+00 7.641000000000000000e+04
1.000000000000000000e+00 6.180000000000000000e+04
1.000000000000000000e+00 2.180000000000000000e+04
1.000000000000000000e+00 1.164000000000000000e+04
1.000000000000000000e+00 3.958000000000000000e+04
1.000000000000000000e+00 7.387000000000000000e+04
1.000000000000000000e+00 7.768000000000000000e+04
1.000000000000000000e+00 8.784000000000000000e+04
1.000000000000000000e+00 7.641000000000000000e+04
1.000000000000000000e+00 6.307000000000000000e+04
1.000000000000000000e+00 6.688000000000000000e+04
1.000000000000000000e+00 7.895000000000000000e+04
1.000000000000000000e+00 7.514000000000000000e+04
2.000000000000000000e+00 5.400000000000000000e+02
1.000000000000000000e+00 9.546000000000000000e+04
2.000000000000000000e+00 2.440000000000000000e+03
2.000000000000000000e+00 1.006000000000000000e+04
2.000000000000000000e+00 5.620000000000000000e+03
2.000000000000000000e+00 5.400000000000000000e+02
2.000000000000000000e+00 9.430000000000000000e+03
2.000000000000000000e+00 2.022000000000000000e+04
2.000000000000000000e+00 2.975000000000000000e+04
2.000000000000000000e+00 3.102000000000000000e+04
2.000000000000000000e+00 5.400000000000000000e+02
2.000000000000000000e+00 2.594000000000000000e+04
2.000000000000000000e+00 2.086000000000000000e+04
2.000000000000000000e+00 1.324000000000000000e+04
1.000000000000000000e+00 9.292000000000000000e+04
1.000000000000000000e+00 9.101000000000000000e+04
1.000000000000000000e+00 9.800000000000000000e+04
2.000000000000000000e+00 1.324000000000000000e+04
1.000000000000000000e+00 9.673000000000000000e+04
2.000000000000000000e+00 2.022000000000000000e+04
1.000000000000000000e+00 9.800000000000000000e+04
1.000000000000000000e+00 8.784000000000000000e+04
2.000000000000000000e+00 1.451000000000000000e+04
2.000000000000000000e+00 3.102000000000000000e+04
2.000000000000000000e+00 4.054000000000000000e+04
2.000000000000000000e+00 2.784000000000000000e+04
2.000000000000000000e+00 5.769000000000000000e+04
2.000000000000000000e+00 4.372000000000000000e+04
2.000000000000000000e+00 5.007000000000000000e+04
2.000000000000000000e+00 5.578000000000000000e+04
2.000000000000000000e+00 5.578000000000000000e+04
2.000000000000000000e+00 4.943000000000000000e+04
2.000000000000000000e+00 5.388000000000000000e+04
2.000000000000000000e+00 5.705000000000000000e+04
2.000000000000000000e+00 4.118000000000000000e+04
2.000000000000000000e+00 3.356000000000000000e+04
2.000000000000000000e+00 6.150000000000000000e+04
2.000000000000000000e+00 5.197000000000000000e+04
2.000000000000000000e+00 4.880000000000000000e+04
2.000000000000000000e+00 5.642000000000000000e+04
2.000000000000000000e+00 5.832000000000000000e+04
2.000000000000000000e+00 6.404000000000000000e+04
2.000000000000000000e+00 5.134000000000000000e+04
2.000000000000000000e+00 4.118000000000000000e+04
2.000000000000000000e+00 6.531000000000000000e+04
2.000000000000000000e+00 5.832000000000000000e+04
2.000000000000000000e+00 4.245000000000000000e+04
2.000000000000000000e+00 6.912000000000000000e+04
2.000000000000000000e+00 4.943000000000000000e+04
2.000000000000000000e+00 4.245000000000000000e+04
2.000000000000000000e+00 5.134000000000000000e+04
2.000000000000000000e+00 6.404000000000000000e+04
2.000000000000000000e+00 7.293000000000000000e+04
2.000000000000000000e+00 7.039000000000000000e+04
2.000000000000000000e+00 6.594000000000000000e+04
2.000000000000000000e+00 6.912000000000000000e+04
2.000000000000000000e+00 6.150000000000000000e+04
2.000000000000000000e+00 4.753000000000000000e+04
2.000000000000000000e+00 5.388000000000000000e+04
2.000000000000000000e+00 7.166000000000000000e+04
2.000000000000000000e+00 8.182000000000000000e+04
2.000000000000000000e+00 8.690000000000000000e+04
2.000000000000000000e+00 8.690000000000000000e+04
2.000000000000000000e+00 9.706000000000000000e+04
2.000000000000000000e+00 8.436000000000000000e+04
2.000000000000000000e+00 8.372000000000000000e+04
2.000000000000000000e+00 6.721000000000000000e+04
2.000000000000000000e+00 6.721000000000000000e+04
2.000000000000000000e+00 8.182000000000000000e+04
2.000000000000000000e+00 7.991000000000000000e+04
2.000000000000000000e+00 7.864000000000000000e+04
2.000000000000000000e+00 6.721000000000000000e+04
2.000000000000000000e+00 6.594000000000000000e+04
2.000000000000000000e+00 7.229000000000000000e+04
2.000000000000000000e+00 9.007000000000000000e+04
2.000000000000000000e+00 9.960000000000000000e+04
2.000000000000000000e+00 9.134000000000000000e+04
2.000000000000000000e+00 8.436000000000000000e+04
2.000000000000000000e+00 7.928000000000000000e+04
2.000000000000000000e+00 7.420000000000000000e+04
2.000000000000000000e+00 9.007000000000000000e+04
3.000000000000000000e+00 4.680000000000000000e+03
2.000000000000000000e+00 9.706000000000000000e+04
3.000000000000000000e+00 9.760000000000000000e+03
3.000000000000000000e+00 1.484000000000000000e+04
2.000000000000000000e+00 9.960000000000000000e+04
3.000000000000000000e+00 2.500000000000000000e+04
3.000000000000000000e+00 2.119000000000000000e+04
3.000000000000000000e+00 3.198000000000000000e+04
3.000000000000000000e+00 2.881000000000000000e+04
3.000000000000000000e+00 2.373000000000000000e+04
3.000000000000000000e+00 2.309000000000000000e+04
3.000000000000000000e+00 2.436000000000000000e+04
3.000000000000000000e+00 2.627000000000000000e+04
3.000000000000000000e+00 2.563000000000000000e+04
3.000000000000000000e+00 2.563000000000000000e+04
3.000000000000000000e+00 4.151000000000000000e+04
3.000000000000000000e+00 4.532000000000000000e+04
3.000000000000000000e+00 4.405000000000000000e+04
3.000000000000000000e+00 3.833000000000000000e+04
3.000000000000000000e+00 3.706000000000000000e+04
3.000000000000000000e+00 2.690000000000000000e+04
3.000000000000000000e+00 2.690000000000000000e+04
3.000000000000000000e+00 1.992000000000000000e+04
3.000000000000000000e+00 5.230000000000000000e+04
3.000000000000000000e+00 3.516000000000000000e+04
3.000000000000000000e+00 3.008000000000000000e+04
3.000000000000000000e+00 2.754000000000000000e+04
3.000000000000000000e+00 1.230000000000000000e+04
3.000000000000000000e+00 2.436000000000000000e+04
3.000000000000000000e+00 3.516000000000000000e+04
3.000000000000000000e+00 2.140000000000000000e+03
3.000000000000000000e+00 4.468000000000000000e+04
3.000000000000000000e+00 5.865000000000000000e+04
3.000000000000000000e+00 6.119000000000000000e+04
3.000000000000000000e+00 3.960000000000000000e+04
3.000000000000000000e+00 4.913000000000000000e+04
3.000000000000000000e+00 3.960000000000000000e+04
3.000000000000000000e+00 2.690000000000000000e+04
3.000000000000000000e+00 1.230000000000000000e+04
3.000000000000000000e+00 6.310000000000000000e+04
3.000000000000000000e+00 6.310000000000000000e+04
3.000000000000000000e+00 2.246000000000000000e+04
3.000000000000000000e+00 6.119000000000000000e+04
3.000000000000000000e+00 7.072000000000000000e+04
3.000000000000000000e+00 5.484000000000000000e+04
3.000000000000000000e+00 3.960000000000000000e+04
3.000000000000000000e+00 8.088000000000000000e+04
3.000000000000000000e+00 6.373000000000000000e+04
3.000000000000000000e+00 5.802000000000000000e+04
3.000000000000000000e+00 4.151000000000000000e+04
3.000000000000000000e+00 8.088000000000000000e+04
3.000000000000000000e+00 2.770000000000000000e+03
3.000000000000000000e+00 2.817000000000000000e+04
3.000000000000000000e+00 4.151000000000000000e+04
3.000000000000000000e+00 5.802000000000000000e+04
3.000000000000000000e+00 6.310000000000000000e+04
3.000000000000000000e+00 7.072000000000000000e+04
3.000000000000000000e+00 2.690000000000000000e+04
3.000000000000000000e+00 7.770000000000000000e+04
3.000000000000000000e+00 7.199000000000000000e+04
3.000000000000000000e+00 2.690000000000000000e+04
3.000000000000000000e+00 8.278000000000000000e+04
3.000000000000000000e+00 4.913000000000000000e+04
3.000000000000000000e+00 9.760000000000000000e+03
3.000000000000000000e+00 9.167000000000000000e+04
3.000000000000000000e+00 6.310000000000000000e+04
3.000000000000000000e+00 3.770000000000000000e+04
3.000000000000000000e+00 4.913000000000000000e+04
3.000000000000000000e+00 5.548000000000000000e+04
3.000000000000000000e+00 2.309000000000000000e+04
3.000000000000000000e+00 8.088000000000000000e+04
3.000000000000000000e+00 2.436000000000000000e+04
3.000000000000000000e+00 3.262000000000000000e+04
3.000000000000000000e+00 5.802000000000000000e+04
3.000000000000000000e+00 8.088000000000000000e+04
3.000000000000000000e+00 8.088000000000000000e+04
3.000000000000000000e+00 3.071000000000000000e+04
3.000000000000000000e+00 2.944000000000000000e+04
3.000000000000000000e+00 2.563000000000000000e+04
3.000000000000000000e+00 4.151000000000000000e+04
3.000000000000000000e+00 8.088000000000000000e+04
3.000000000000000000e+00 2.817000000000000000e+04
3.000000000000000000e+00 6.310000000000000000e+04
3.000000000000000000e+00 5.548000000000000000e+04
3.000000000000000000e+00 3.770000000000000000e+04
3.000000000000000000e+00 7.770000000000000000e+04
3.000000000000000000e+00 3.071000000000000000e+04
3.000000000000000000e+00 2.944000000000000000e+04
3.000000000000000000e+00 2.817000000000000000e+04
3.000000000000000000e+00 2.690000000000000000e+04
3.000000000000000000e+00 5.040000000000000000e+04
3.000000000000000000e+00 2.563000000000000000e+04
3.000000000000000000e+00 7.770000000000000000e+04
3.000000000000000000e+00 2.436000000000000000e+04
3.000000000000000000e+00 7.326000000000000000e+04
3.000000000000000000e+00 4.024000000000000000e+04
3.000000000000000000e+00 4.532000000000000000e+04
3.000000000000000000e+00 7.770000000000000000e+04
3.000000000000000000e+00 8.024000000000000000e+04
3.000000000000000000e+00 5.929000000000000000e+04
3.000000000000000000e+00 6.437000000000000000e+04
3.000000000000000000e+00 6.564000000000000000e+04
3.000000000000000000e+00 5.675000000000000000e+04
3.000000000000000000e+00 5.484000000000000000e+04
3.000000000000000000e+00 5.294000000000000000e+04
3.000000000000000000e+00 5.548000000000000000e+04
3.000000000000000000e+00 5.294000000000000000e+04
3.000000000000000000e+00 6.310000000000000000e+04
3.000000000000000000e+00 6.183000000000000000e+04
3.000000000000000000e+00 5.992000000000000000e+04
3.000000000000000000e+00 5.865000000000000000e+04
3.000000000000000000e+00 6.183000000000000000e+04
3.000000000000000000e+00 6.310000000000000000e+04
3.000000000000000000e+00 6.564000000000000000e+04
3.000000000000000000e+00 8.342000000000000000e+04
3.000000000000000000e+00 8.596000000000000000e+04
3.000000000000000000e+00 9.485000000000000000e+04
3.000000000000000000e+00 9.675000000000000000e+04
3.000000000000000000e+00 9.294000000000000000e+04
4.000000000000000000e+00 5.600000000000000000e+02
3.000000000000000000e+00 8.596000000000000000e+04
3.000000000000000000e+00 8.151000000000000000e+04
3.000000000000000000e+00 7.834000000000000000e+04
3.000000000000000000e+00 9.675000000000000000e+04
3.000000000000000000e+00 9.675000000000000000e+04
3.000000000000000000e+00 8.850000000000000000e+04
3.000000000000000000e+00 8.850000000000000000e+04
3.000000000000000000e+00 9.421000000000000000e+04
