1.646999999999999886e+01 9.609999999999999432e+01
1.646999999999999886e+01 9.443999999999999773e+01
2.008999999999999986e+01 9.254000000000000625e+01
2.239000000000000057e+01 9.337000000000000455e+01
2.523000000000000043e+01 9.723999999999999488e+01
2.200000000000000000e+01 9.604999999999999716e+01
2.046999999999999886e+01 9.701999999999999602e+01
1.719999999999999929e+01 9.629000000000000625e+01
1.630000000000000071e+01 9.737999999999999545e+01
1.405000000000000071e+01 9.812000000000000455e+01
1.653000000000000114e+01 9.737999999999999545e+01
2.151999999999999957e+01 9.559000000000000341e+01
1.941000000000000014e+01 9.712999999999999545e+01
2.008999999999999986e+01 9.454999999999999716e+01
